image: /home/hrg/tonan_robot/src/laser_navigation/laser_navigation/maps/map_2025_2_26_21_59_59.pgm
resolution: 0.020000
origin: [-10.000000, -10.000000, 0.000000]
negate: 0
occupied_thresh: 0.65
free_thresh: 0.196

